0.475
0.459
0.334
0.010
0.472
0.480
0.665
0.674
0.183
0.224
0.686
0.274
0.483
0.539
0.529
0.181
0.391
0.380
0.407
0.548
0.501
0.024
0.267
0.168
0.293
0.697
0.509
0.668
0.734
0.470
0.387
0.750
0.048
0.550
0.664
0.513
0.565
0.573
0.029
0.517
0.079
0.405
0.171
0.232
0.560
0.170
0.663
0.487
0.592
0.211
0.376
0.724
0.605
0.637
0.056
0.012
0.437
0.684
0.639
0.198
0.054
0.653
0.259
0.426
0.286
0.733
0.036
0.424
0.278
0.178
0.543
0.582
0.625
0.529
0.627
0.469
0.146
0.639
0.178
0.010
0.360
0.626
0.092
0.291
0.333
0.038
0.126
0.173
0.026
0.450
0.413
0.692
0.479
0.086
0.037
0.478
0.416
0.657
0.667
0.408
0.140
0.138
0.546
0.386
0.453
0.252
0.559
0.415
0.217
0.315
0.685
0.378
0.187
0.582
0.050
0.578
0.180
0.620
0.709
0.480
0.581
0.137
0.203
0.413
0.353
0.748
0.549
0.645
0.534
0.263
0.465
0.489
0.459
0.448
0.620
0.544
0.671
0.726
0.656
0.314
0.219
0.206
0.396
0.318