2
3
-2
-4
-1
1
7 
0
-5 
8 
3 
3 
12 
11 
11 
2 
11 
12 
-4 
3 
-4 
6 
9 
4 
-1 
7 
8 
-1 
4 
6 
7 
5 
8 
2 
9 
12
13 
10 
10 
8 
7 
13 
14 
10 
12 
10 
15 
9 
12 
16 
7
13 
14 
12 
20 
13 
13 
8 
20 
10 
10 
17 
20 
12 
13 
13 
15 
20 
13 
18 
19 
7
25 
29 
18 
18 
25 
27 
29 
21 
27 
17 
19 
19 
25 
25 
26 
21 
20 
27 
27 
22 
24 
22 
21 
21 
17 
25 
18 
22 
29 
27 
28 
25 
17 
24 
19 
20
13 
9 
2 
8 
0 
-1 
4 
7 
11 
6 
8 
3 
8 
13 
12 
1 
3 
1 
2 
1 
5 
2 
-1 
-1 
13 
1 
0 
10 
4 
12 
10 
2 
0 
-1 
11 
5